25 52 164 240 274 328 368 448 538 561 630 687 730 775 825 834 
39 120 124 205 401 581 704 814 825 834 
35 249 674 712 733 759 854 950 
39 422 449 704 825 857 895 937 954 964 
15 229 262 283 294 352 381 708 738 766 853 883 966 978 
26 104 143 320 569 620 798 
7 185 214 350 529 658 682 782 809 849 883 947 970 979 
227 390 
71 192 208 272 279 280 300 333 496 529 530 597 618 674 675 720 855 914 932 
183 193 217 256 276 277 374 474 483 496 512 529 626 653 706 878 939 
161 175 177 424 490 571 597 623 766 795 853 910 960 
125 130 327 698 699 839 
392 461 569 801 862 
27 78 104 177 733 775 781 845 900 921 938 
101 147 229 350 411 461 572 579 657 675 778 803 842 903 
71 208 217 266 279 290 458 478 523 614 766 853 888 944 969 
43 70 176 204 227 334 369 480 513 703 708 835 874 895 
25 52 278 730 
151 432 504 830 890 
71 73 118 274 310 327 388 419 449 469 484 706 722 795 810 844 846 918 
130 274 432 528 967 
188 307 326 381 403 523 526 722 774 788 789 834 950 975 
89 116 198 201 333 395 653 720 846 
70 171 227 289 462 538 541 623 674 701 805 946 964 
143 192 317 471 487 631 638 640 678 735 780 865 888 935 
17 242 471 758 763 837 956 
52 145 161 283 375 385 676 721 731 790 792 885 
182 229 276 529 
43 522 565 617 859 
12 296 350 354 401 548 684 740 774 775 782 841 937 
210 346 477 529 561 605 696 704 789 829 851 884 888 
234 296 355 460 649 684 712 735 746 829 
177 310 600 709 970 
28 145 157 274 346 735 742 809 
5 39 115 178 352 385 517 635 704 722 736 744 825 844 845 919 
175 196 242 279 392 489 494 614 641 673 723 764 789 829 967 
561 758 914 919 
118 301 362 489 522 529 591 622 930 
31 58 59 181 329 354 417 472 573 628 651 
39 111 154 164 168 213 272 392 436 489 580 628 632 832 871 988 
368 419 517 544 740 829 914 
72 270 295 296 368 529 541 585 937 947 
70 115 168 176 220 296 326 368 712 738 766 947 967 981 
10 183 201 334 381 419 478 569 855 874 895 
132 172 227 277 464 538 580 795 
21 32 54 136 192 213 239 274 348 411 487 638 753 764 888 935 
26 72 100 172 194 276 460 500 871 874 885 888 960 
48 126 175 319 494 499 614 639 641 723 765 
70 274 296 521 639 738 855 
112 140 285 354 387 499 511 594 614 720 
32 72 93 354 583 606 617 937 
71 236 419 477 489 701 706 722 736 952 
31 90 154 198 593 722 940 941 956 
35 122 718 723 
1 48 236 423 516 660 744 
6 69 183 204 415 676 797 913 980 
217 342 577 733 805 932 
110 368 390 509 569 611 678 734 795 854 983 995 
5 155 177 343 354 430 447 487 855 
561 591 758 919 
376 392 496 527 533 779 789 876 919 964 
33 82 158 177 274 354 537 573 583 617 740 883 
71 336 354 411 484 509 593 720 846 862 921 989 
602 704 778 884 
93 122 161 343 390 535 538 675 874 921 932 
101 147 657 778 903 
21 52 97 147 183 368 381 424 574 676 793 857 947 
172 388 464 500 529 538 598 782 945 
447 480 529 594 708 809 841 849 874 
127 151 161 334 427 470 494 569 
21 32 54 136 213 239 274 348 411 753 764 
37 383 460 571 623 736 795 814 844 853 858 992 
24 55 470 522 775 940 
95 143 159 347 460 481 517 682 697 722 774 883 897 919 966 
196 224 279 581 674 722 814 895 946 966 
214 354 504 956 
17 22 234 275 276 472 489 571 715 947 
17 208 290 447 458 529 580 594 742 809 849 888 969 
204 334 364 579 581 699 703 895 946 966 
51 78 136 177 259 283 581 631 651 775 781 964 966 
147 459 580 675 701 871 921 973 
17 45 73 116 162 217 378 381 534 673 704 711 825 944 950 989 
12 39 132 181 348 562 633 672 906 912 935 
354 470 544 966 
44 72 96 117 183 204 315 509 533 541 569 576 594 642 825 879 
12 18 205 234 242 336 373 401 460 489 716 883 918 
168 427 484 874 
97 120 136 147 183 210 406 538 546 568 665 789 829 878 981 
82 93 228 494 511 541 574 631 713 759 785 817 963 
145 234 349 419 571 623 794 795 797 853 904 
8 32 72 155 193 197 348 390 401 413 423 521 577 749 823 989 
94 275 390 548 605 795 982 984 
274 521 639 855 
37 55 71 176 201 279 449 478 515 692 694 766 853 997 
423 567 824 913 
2 57 183 239 577 800 812 851 937 
21 41 46 57 116 140 174 208 414 541 577 590 606 829 935 
385 460 684 775 923 
348 377 459 518 571 640 672 675 701 788 865 912 921 
43 160 162 456 571 734 878 960 
12 150 204 236 315 419 752 852 906 966 991 
17 162 217 381 711 944 
172 197 464 494 538 553 623 837 
274 392 461 569 801 862 
905 998 
33 45 71 175 217 224 239 283 346 515 910 
362 387 548 573 574 709 809 811 829 854 899 
320 523 620 798 905 998 
48 114 175 177 275 319 352 368 527 529 595 676 710 720 782 914 
120 158 192 281 354 529 583 593 617 685 813 862 867 885 895 
39 43 51 69 112 170 362 438 455 563 575 620 705 738 752 
27 58 354 357 576 752 
27 58 157 354 357 470 480 659 719 752 810 960 
31 48 93 126 332 361 362 421 651 812 842 878 890 
33 45 116 177 274 322 534 573 673 694 740 883 897 989 
97 183 379 392 438 461 569 738 775 799 801 862 918 
112 162 370 568 720 797 798 805 923 926 932 947 977 
71 336 354 509 989 
98 113 176 236 413 419 423 516 598 701 722 744 788 928 
220 244 790 
8 71 75 108 242 438 486 684 766 958 
39 101 147 229 350 778 903 970 
93 381 522 597 
39 438 440 778 780 825 876 879 
38 71 94 252 283 401 526 784 
186 205 265 326 368 403 460 526 538 722 774 895 950 
187 214 296 354 368 423 548 624 
116 326 343 673 686 766 943 
177 350 411 572 579 797 842 992 
8 36 58 274 424 460 477 651 704 884 890 903 925 944 981 
71 192 196 272 300 496 935 
55 108 147 201 294 332 509 540 602 
21 27 346 413 435 527 605 682 793 803 830 857 940 
54 192 283 375 385 438 447 598 721 731 790 885 892 
48 78 147 692 738 752 964 
1 32 125 283 375 385 516 721 731 744 790 885 
118 492 500 526 803 871 874 888 
276 468 612 782 789 946 960 
196 406 419 631 701 704 722 735 780 884 
70 280 529 663 684 758 765 819 
181 387 481 581 676 789 884 914 
283 368 375 385 471 721 731 790 885 
5 259 262 294 352 357 403 452 708 853 882 883 886 956 978 
18 57 151 266 361 381 429 471 480 988 
151 266 516 523 581 733 843 883 988 998 
93 97 205 265 330 470 538 620 789 874 921 932 
10 129 477 487 494 578 606 651 678 928 975 
147 201 296 460 477 509 540 609 903 928 944 
110 111 140 197 456 510 613 788 814 988 
174 236 241 692 766 950 
37 68 113 179 216 377 415 738 
1 48 649 660 682 716 846 860 937 
120 177 185 256 357 487 675 829 
32 75 78 355 427 438 461 576 638 684 752 947 
118 326 343 492 526 686 766 943 
33 43 68 274 373 440 472 573 666 711 740 883 
97 147 183 229 276 311 318 348 413 500 569 788 795 912 956 
346 435 527 594 785 803 
4 21 145 339 563 897 
48 120 145 160 304 449 580 795 887 963 
6 44 45 55 140 177 265 270 283 309 472 614 682 692 804 825 832 879 983 
2 33 177 193 241 496 626 897 933 
32 177 276 325 470 526 579 648 745 803 874 932 934 
177 239 259 489 604 784 792 804 882 937 947 956 
5 28 143 283 511 832 
32 115 128 154 185 234 268 377 381 541 641 697 788 812 844 
75 240 262 470 597 854 899 
132 217 298 318 346 561 826 888 919 
110 217 394 455 470 487 494 510 525 534 573 707 795 867 916 995 
132 158 196 217 354 394 583 617 674 885 895 
204 239 283 334 504 703 710 798 860 871 895 932 972 
25 38 242 310 418 471 500 749 758 871 888 895 
32 54 69 100 160 183 362 430 605 616 617 681 838 910 
192 281 346 453 477 526 561 605 888 
104 175 205 368 460 538 620 752 825 
12 105 120 132 147 229 494 638 657 778 815 862 885 944 
78 177 259 775 778 781 865 920 
7 45 68 117 122 161 178 343 347 390 449 470 534 535 675 817 948 
2 43 75 151 325 345 413 595 775 862 868 886 
114 308 309 368 421 658 661 665 682 750 899 
32 71 192 272 300 496 516 692 744 752 852 964 
32 72 96 183 217 354 533 541 594 642 711 979 
78 125 147 494 538 606 623 634 678 690 701 738 834 975 
215 349 351 464 487 577 634 693 765 826 860 
12 120 140 192 274 275 305 348 350 368 471 638 759 885 
17 204 236 240 334 541 703 895 956 
1 21 125 413 658 765 
17 171 236 240 283 438 468 522 541 553 597 676 742 956 
35 120 122 276 468 628 718 720 723 766 914 938 960 964 
100 122 281 343 362 368 390 535 675 681 838 
32 57 139 145 164 225 368 494 513 516 658 682 744 782 914 937 
39 204 205 210 315 350 405 800 871 970 
411 561 857 937 954 964 
31 115 177 236 304 310 387 423 600 709 744 798 837 843 970 
392 408 461 569 704 801 862 900 
376 405 694 788 
4 35 222 242 275 392 403 468 684 686 801 827 862 
55 57 168 268 327 652 699 793 874 885 995 
38 71 72 111 181 210 252 283 349 354 419 421 778 888 913 
177 560 653 894 911 
39 154 168 242 279 280 354 392 484 489 597 618 711 722 764 932 
280 381 405 427 477 518 571 630 672 871 883 897 
167 216 387 409 458 485 531 672 688 692 798 935 949 998 
43 75 129 140 163 279 395 438 440 472 496 651 707 829 854 
43 48 126 160 162 361 593 878 
101 147 229 569 657 778 903 
58 132 145 354 480 672 752 795 846 935 967 
161 183 311 339 368 414 460 472 516 523 536 573 580 733 998 
90 120 309 510 620 655 793 803 804 807 970 
196 198 204 215 252 482 487 498 529 824 913 
78 177 193 236 259 276 279 455 483 529 598 752 775 782 
132 168 298 318 403 477 591 695 874 885 
95 280 383 419 460 622 682 690 797 838 858 
318 413 788 956 
8 27 69 440 494 517 746 883 893 982 
216 376 405 694 738 
145 686 746 788 956 973 
32 112 285 387 499 511 594 614 631 720 735 780 920 
6 32 158 164 279 327 405 472 484 581 783 829 960 
70 259 335 350 385 398 509 523 684 778 844 884 937 967 970 
26 31 283 296 326 339 349 466 486 766 982 
112 172 185 277 464 487 538 675 713 819 
143 443 460 481 529 601 809 841 883 919 
10 39 43 44 440 580 687 798 832 871 910 988 
381 812 844 
151 181 257 348 641 652 798 845 889 895 900 938 
1 32 125 206 364 524 573 742 922 
145 173 196 197 236 273 313 390 478 574 674 684 692 777 789 829 878 887 
217 394 487 510 
70 138 203 307 308 334 423 486 684 765 800 819 
89 198 300 423 442 518 521 749 823 932 
276 299 329 403 413 419 634 765 783 837 942 952 
145 354 422 487 600 885 
205 258 614 628 629 638 658 720 766 964 
12 158 354 401 583 597 617 663 760 912 923 
1 66 303 314 390 470 523 823 874 884 980 
31 78 94 129 198 313 390 394 480 515 644 692 738 829 922 926 981 992 
169 321 523 672 788 935 
112 140 258 270 521 804 832 914 983 
175 183 198 239 296 510 809 840 
31 85 125 143 145 205 381 417 706 902 
143 348 349 460 481 778 841 862 912 919 
78 94 126 129 198 499 644 765 922 926 
83 110 167 427 494 573 675 707 766 867 949 
39 117 177 310 368 470 480 600 709 798 862 911 
73 115 326 469 841 948 984 
256 313 378 390 487 510 692 829 912 978 
11 470 534 793 995 
40 45 71 120 175 196 224 239 593 674 814 895 910 966 
32 41 105 112 116 145 208 403 494 541 590 593 606 676 694 815 862 944 963 
171 192 450 487 631 638 735 760 780 886 888 904 935 
7 85 143 224 279 336 346 419 567 606 844 854 975 
28 395 400 419 665 793 854 895 984 
12 350 687 782 798 841 910 
6 70 329 368 415 417 676 692 805 860 913 
217 394 430 487 510 579 581 966 
8 71 75 108 242 438 486 684 766 958 
75 112 275 279 368 428 826 829 
12 90 227 390 675 722 886 
27 58 354 357 480 752 
11 192 470 534 793 935 995 
217 345 394 401 487 510 529 571 598 782 
95 159 249 355 517 722 883 905 966 
28 39 214 239 521 580 627 658 705 832 871 979 988 
177 274 521 639 855 981 
4 35 242 392 468 472 763 801 830 862 
263 456 550 769 886 
279 283 307 428 574 710 826 972 
368 522 591 692 742 
21 118 205 252 274 310 374 443 614 629 638 694 766 844 912 913 
43 120 247 272 349 562 685 804 829 948 
138 217 280 307 486 546 571 661 672 923 947 
52 54 322 541 571 598 600 623 633 795 853 897 992 
388 500 945 
33 217 249 283 346 355 515 606 883 905 950 
71 210 383 413 460 522 617 631 858 885 937 
21 161 215 296 394 487 572 692 706 745 746 812 872 
216 342 350 411 572 579 674 712 733 738 759 803 842 854 932 
116 381 492 523 632 706 777 778 865 893 
117 132 256 298 318 378 487 510 578 628 651 849 887 912 978 
75 661 720 780 849 937 964 
154 172 205 308 381 424 464 538 812 844 
204 579 593 611 812 832 851 
78 177 204 259 283 319 383 392 407 460 527 684 775 778 781 846 858 862 
32 33 145 217 283 346 515 593 676 694 
95 280 419 622 682 690 797 838 
27 440 494 517 527 647 883 893 982 
10 241 346 361 368 406 438 477 597 897 935 944 
72 80 120 239 278 354 520 522 707 775 822 832 844 970 
46 80 120 147 158 201 354 490 509 540 571 583 617 623 795 853 906 
12 71 151 440 482 579 706 736 752 778 846 972 
5 27 58 354 357 403 452 480 653 708 752 886 
21 296 423 521 529 598 749 760 782 823 
172 277 424 464 509 538 569 611 641 652 718 732 778 798 889 895 966 
460 477 903 944 
205 308 424 516 523 733 998 
120 136 538 546 568 665 878 981 
68 378 405 438 449 638 674 692 839 953 
172 684 707 778 867 943 966 
220 448 516 557 558 641 653 670 774 913 995 
54 69 72 75 100 103 355 362 438 480 617 684 780 841 910 915 946 
112 215 307 521 914 966 991 
39 45 71 120 145 224 239 283 475 489 593 649 674 858 862 895 910 
263 279 428 597 663 826 
16 201 358 385 450 460 684 710 763 867 923 944 
43 51 583 620 687 705 722 766 784 
33 35 197 217 283 335 346 509 515 537 878 884 937 
25 90 120 194 304 309 368 510 569 574 793 
39 227 277 348 450 468 489 632 661 692 704 720 722 825 912 913 
139 151 438 440 482 526 540 608 740 790 966 
120 136 538 546 568 591 665 744 854 878 899 981 
354 486 504 572 718 914 956 
2 33 52 145 217 283 334 346 499 515 676 789 792 829 
69 90 183 198 204 285 797 854 871 940 941 
69 130 279 362 470 534 795 914 995 
110 138 151 351 486 605 780 935 
116 120 276 623 652 694 
39 145 283 475 489 649 674 
33 45 162 197 364 430 773 883 975 
438 738 
43 145 160 162 571 593 686 878 973 
6 28 31 32 130 132 274 349 432 472 528 661 818 966 967 
6 450 507 554 569 659 718 797 
8 39 94 345 350 401 422 571 795 823 826 918 970 
31 122 362 437 460 509 682 890 
8 70 90 239 354 583 
12 31 120 132 205 448 494 538 638 771 780 878 887 
100 557 687 691 934 946 
120 136 395 538 546 568 665 854 878 895 981 
21 35 38 57 122 362 611 718 723 918 
104 154 168 272 436 628 649 
139 164 183 213 225 345 366 401 494 571 674 720 782 
35 110 249 258 265 268 350 368 411 572 579 678 733 734 763 795 803 842 950 983 995 
72 96 183 186 265 484 496 533 541 594 626 642 895 
120 132 183 204 280 390 746 766 797 841 874 966 
70 177 347 419 526 579 648 665 684 745 765 793 819 914 934 984 
197 362 561 631 752 762 838 967 
66 144 346 373 424 494 523 815 900 
33 217 262 265 283 294 346 352 455 708 752 853 883 978 
129 279 496 651 707 
2 57 234 419 577 797 812 851 904 
256 378 487 510 912 978 
209 267 296 326 329 403 411 440 526 722 774 803 950 
54 210 239 406 789 800 829 854 
82 339 348 366 750 752 776 912 
100 368 438 512 529 735 746 813 966 
18 39 145 371 401 419 554 769 886 
362 392 438 567 779 867 887 
6 236 614 658 682 785 
12 39 343 379 412 438 580 665 682 760 832 871 886 988 
67 571 623 692 746 795 797 853 966 
155 177 326 541 569 694 991 
28 75 177 310 355 400 419 438 600 665 684 689 692 709 793 970 984 
10 130 758 766 
32 285 385 396 561 883 894 944 947 
234 349 351 419 464 500 634 797 904 
52 90 120 309 373 469 510 529 593 620 653 661 774 793 846 918 
53 373 611 651 829 835 
32 94 112 206 217 429 529 590 594 598 614 738 742 
5 38 123 356 357 362 403 452 480 522 583 653 694 708 712 809 886 
6 90 132 198 415 580 795 913 940 941 
259 405 477 630 882 883 937 956 
72 132 177 239 278 661 753 775 820 821 822 832 960 970 
39 579 580 736 778 832 871 972 988 
39 43 440 
10 145 161 220 241 361 379 406 438 597 
57 117 159 576 614 658 771 814 886 887 927 952 
419 450 641 797 956 
38 181 450 620 758 811 
130 274 342 362 392 460 600 658 733 744 820 932 
114 308 309 368 579 593 658 661 665 682 812 832 
132 203 204 419 581 688 732 752 949 
35 537 
162 173 183 204 351 507 649 771 900 
97 707 755 918 938 
28 112 516 523 530 561 733 998 
23 71 140 172 280 355 395 775 895 935 
71 97 120 210 438 483 509 513 522 529 591 617 840 885 937 
4 112 275 591 617 661 744 
18 180 371 385 401 460 554 684 886 918 923 
10 159 192 620 741 784 895 952 956 972 
25 217 304 368 529 579 581 594 738 966 
37 68 113 179 265 377 411 415 422 449 895 
68 378 400 449 692 758 798 839 862 866 895 
68 449 663 694 775 839 862 
325 354 424 480 622 692 732 736 803 893 
32 57 75 192 206 281 325 368 595 742 775 897 937 
5 28 143 283 511 832 
173 202 368 684 829 
8 71 75 108 242 438 486 684 766 958 
55 212 362 419 682 694 722 789 829 919 
38 71 120 252 283 526 628 720 766 914 938 964 
5 28 93 143 283 322 511 694 832 874 897 921 
100 368 438 735 966 
12 72 96 97 183 193 438 533 541 642 682 986 
10 130 161 326 368 460 477 580 634 676 903 944 
7 55 108 156 185 294 682 
598 
27 58 78 183 205 354 357 424 480 676 752 909 980 
23 25 71 217 236 240 280 336 354 395 509 517 593 614 744 895 921 956 975 989 
75 129 144 213 265 280 355 368 438 684 691 805 921 
55 174 241 618 692 766 950 
31 205 296 362 494 598 771 825 
66 85 175 419 581 675 752 886 952 967 984 
12 38 39 82 283 285 470 598 789 793 829 922 992 
242 279 392 489 764 
72 80 270 295 354 373 529 541 585 755 871 874 888 937 947 
45 85 111 116 249 378 529 534 598 653 673 706 782 989 
440 448 538 677 744 766 780 832 868 878 887 
117 151 432 480 504 830 890 911 
793 956 
120 256 829 
95 116 154 217 236 352 354 517 657 661 722 814 820 829 914 982 
1 54 183 276 283 370 468 617 624 797 798 947 960 966 998 
52 162 206 289 392 448 461 480 538 569 591 780 801 851 862 878 887 
17 346 388 558 774 
215 487 522 688 708 838 883 978 
46 100 145 180 327 362 469 722 810 812 
100 362 447 461 616 681 829 838 960 
12 205 401 489 883 
12 15 460 550 579 632 795 
120 124 132 205 217 366 390 581 639 826 834 919 990 
112 131 170 279 403 581 820 963 
70 112 280 527 684 765 819 
51 137 522 538 614 634 809 
12 31 48 381 489 548 595 597 721 885 
150 162 170 204 236 401 460 803 826 852 906 
32 193 217 394 401 487 510 577 989 
139 274 328 438 448 526 529 538 540 598 608 782 790 966 
347 348 402 577 581 631 651 722 804 912 964 966 
98 489 494 541 631 963 
256 346 373 377 378 424 435 487 494 510 527 803 912 978 
20 73 458 531 
329 385 403 460 684 923 952 
48 126 361 444 568 598 694 878 
55 296 300 322 460 675 684 
27 171 177 205 296 336 368 407 450 486 572 597 718 843 879 904 914 
8 143 460 481 529 598 782 919 
8 71 75 108 174 241 242 438 486 684 692 766 950 958 
32 39 203 321 368 401 460 470 516 744 792 820 918 985 
183 320 620 675 766 798 831 921 
379 529 862 899 909 
37 39 68 113 179 348 377 411 415 529 598 704 782 825 984 
112 176 285 387 499 511 594 614 618 720 810 
4 112 120 170 214 266 275 280 324 415 527 661 
93 538 716 874 921 932 
54 210 215 487 522 688 838 854 966 
8 12 145 161 459 674 675 686 701 883 918 
379 438 738 746 788 956 
37 73 75 258 334 474 577 600 638 706 919 989 992 
296 368 447 529 594 809 829 849 982 
217 413 522 577 805 
158 236 308 331 354 455 558 583 617 684 752 766 914 982 
12 75 308 314 373 487 490 548 660 674 686 718 775 788 886 906 918 
8 72 120 129 155 214 348 362 413 631 689 692 752 762 838 
217 366 390 639 746 878 990 
283 550 792 841 989 
35 120 124 205 351 373 477 526 569 581 766 820 834 952 
78 147 538 634 738 
46 71 112 130 274 336 354 509 521 561 593 844 921 989 
123 145 155 295 419 509 522 525 571 579 712 844 
97 120 438 483 509 513 840 
32 64 151 188 217 266 432 504 550 590 598 795 798 830 890 927 
8 349 459 675 701 794 829 867 888 921 
57 120 151 241 332 350 354 548 567 581 614 658 738 814 835 893 
117 423 480 510 521 684 715 809 823 854 899 911 936 961 
173 203 204 333 348 530 912 
39 90 170 252 318 413 675 704 788 825 886 912 913 956 
140 258 832 983 
55 318 413 618 788 956 
5 31 45 55 125 161 177 309 614 692 805 
18 37 450 456 797 826 937 
12 115 157 227 276 370 427 608 789 992 
27 440 494 517 561 647 758 883 893 914 919 982 
31 103 125 343 490 653 794 906 
162 170 283 401 460 710 972 
58 75 112 263 275 392 489 498 597 632 663 762 790 795 
8 52 515 583 638 689 730 736 738 746 799 963 
66 144 161 368 439 573 580 631 735 780 815 
32 72 93 350 527 541 561 600 606 744 831 895 937 
73 75 278 295 355 368 391 413 438 480 487 522 534 682 684 758 829 940 
11 93 97 789 793 995 
17 38 71 132 236 240 252 283 526 956 
157 470 659 719 810 960 
39 71 95 214 368 453 470 526 653 658 970 
93 494 682 785 950 
72 96 183 256 378 487 510 533 541 594 642 912 978 
101 140 217 229 657 778 903 
154 328 395 789 854 862 895 899 906 
408 460 477 509 569 642 903 937 944 
4 112 275 413 661 
71 115 162 181 403 522 597 617 782 885 937 
39 140 196 198 217 252 368 470 498 512 529 597 653 913 982 
177 276 299 413 579 634 648 745 783 837 934 942 
19 70 490 684 765 810 819 885 906 
217 346 419 561 701 722 874 888 
27 440 494 517 647 883 893 982 
10 38 39 43 181 440 450 509 569 620 758 763 769 830 
263 456 550 672 769 886 935 
158 164 327 405 484 529 783 813 
263 456 550 575 673 769 886 
27 196 198 252 440 498 517 529 647 661 720 780 883 893 913 982 
54 604 784 820 888 947 
35 122 205 368 460 538 723 
104 332 381 598 614 
214 354 504 956 
10 151 163 171 332 516 522 523 548 676 733 738 742 835 854 998 
132 196 217 394 539 628 674 689 692 812 829 895 
17 105 275 332 362 469 571 991 
33 57 205 308 424 525 661 846 916 
48 52 326 376 403 405 526 614 694 722 774 788 950 
20 21 111 215 390 395 472 487 522 569 575 688 769 838 
214 244 658 782 790 947 979 
71 141 172 349 373 407 529 639 684 778 902 
396 438 470 548 988 
39 53 236 350 408 571 673 766 914 982 
157 470 510 659 719 810 843 960 981 
110 151 276 351 500 605 780 793 935 956 
72 85 129 239 278 307 351 465 479 520 775 822 832 854 970 
48 147 229 419 517 530 548 573 635 657 744 745 778 809 811 829 844 845 903 
32 217 275 522 577 605 710 805 825 876 879 
310 709 752 803 956 970 
37 54 68 400 758 866 895 
55 140 254 258 270 775 804 832 910 945 983 
28 239 368 489 521 627 653 705 744 833 
145 151 161 210 440 477 482 740 
145 354 422 487 600 885 
39 114 116 201 230 333 653 720 844 846 928 
10 697 789 829 
28 400 419 665 744 793 868 984 
142 346 392 435 438 461 527 569 634 801 803 830 862 940 
141 290 477 516 523 684 733 998 
33 196 203 217 283 346 513 515 
151 173 205 308 320 424 814 921 
140 217 546 661 923 947 
39 579 580 581 832 871 966 988 
27 216 240 362 387 401 409 438 485 692 789 798 890 998 
31 207 294 715 793 
127 151 161 280 334 427 470 494 569 578 598 746 774 788 858 905 
249 355 392 461 510 539 569 656 801 829 843 862 883 885 905 981 
180 256 704 884 
38 558 914 
82 339 366 750 752 776 
132 296 459 598 675 688 701 
0 45 66 68 85 117 173 285 675 710 731 817 886 947 950 967 
151 167 210 266 316 437 440 477 482 509 623 740 831 890 949 
48 126 361 878 
93 538 874 921 932 
12 73 177 187 256 274 278 310 322 368 449 682 694 784 897 982 984 
172 778 966 
110 151 207 275 296 322 343 368 620 798 803 826 829 
209 321 322 563 694 757 839 897 970 978 
24 38 168 349 387 692 810 915 
71 100 336 354 424 478 509 593 921 989 
104 111 177 332 381 490 614 
208 290 405 458 571 648 732 798 888 969 
1 8 48 118 349 492 526 578 881 
69 173 177 187 285 320 450 499 560 594 653 894 911 921 980 984 
57 129 145 160 162 368 374 494 593 658 682 763 937 
155 177 430 447 509 569 730 893 
71 187 277 326 629 793 914 984 
31 59 354 472 
100 349 364 443 487 524 541 573 922 
28 349 854 
372 510 682 802 844 922 
154 512 529 653 789 862 899 906 
90 115 116 130 153 231 320 322 395 673 695 919 
140 319 539 605 769 812 829 
70 98 489 661 720 765 780 819 
45 108 155 378 385 494 541 583 631 693 803 860 921 963 
54 71 126 319 499 578 639 651 706 765 782 952 964 982 
276 299 413 634 783 942 
12 39 120 132 145 192 419 638 661 720 769 780 885 935 
52 279 414 428 470 534 597 598 795 826 914 995 
43 71 336 354 440 472 509 593 921 989 
27 52 177 217 346 469 561 593 597 653 661 774 879 888 918 
350 371 401 414 487 511 554 832 857 886 918 
2 37 43 151 862 868 921 
438 778 780 782 854 
177 310 600 709 970 
33 45 162 364 773 883 
12 39 116 132 181 279 316 345 357 562 580 633 826 854 906 919 
173 196 217 346 516 523 561 596 649 733 789 809 888 919 998 
120 348 472 522 707 844 912 
71 279 348 478 720 735 766 843 853 
207 217 346 561 789 888 950 
32 72 89 93 196 198 350 518 606 932 937 
78 279 349 351 428 464 576 634 826 841 
95 
78 94 129 198 644 922 926 
438 814 981 
129 145 229 311 467 470 534 738 795 812 995 
150 204 236 326 403 493 526 722 774 826 852 854 906 950 
26 100 172 194 509 563 569 611 673 
1 10 33 550 841 989 
114 308 309 368 571 623 658 661 665 682 720 780 853 
22 539 618 639 689 812 829 967 
105 136 193 494 585 815 843 862 925 944 948 
73 171 406 523 571 600 603 684 789 936 941 961 
217 394 487 494 510 606 678 975 
78 130 183 326 538 634 639 676 909 919 937 
39 54 86 309 494 640 683 778 780 820 964 
35 140 164 217 239 537 804 919 
150 204 236 798 826 852 862 906 
0 53 183 368 401 419 428 581 684 752 766 831 
12 116 153 266 354 381 401 419 460 523 673 686 766 777 
132 145 178 196 347 408 424 509 534 569 574 642 674 937 
31 75 208 290 325 362 458 595 775 788 888 969 
201 381 569 617 624 798 855 874 895 
83 167 207 294 392 512 675 724 766 949 
52 177 529 567 598 611 
167 280 578 598 699 774 905 946 
55 108 156 294 
182 229 276 417 529 650 813 
70 75 120 246 325 368 595 623 649 775 864 899 
93 192 395 405 438 638 674 785 854 895 935 953 
38 71 98 252 283 364 438 489 524 526 573 778 922 
27 58 69 112 354 357 362 480 528 563 732 752 
207 285 538 539 812 829 874 921 932 950 
17 120 154 162 229 328 381 711 712 789 862 883 899 906 944 
8 161 183 204 220 422 449 516 529 653 797 895 995 
8 12 36 48 274 381 424 597 925 
10 129 192 274 279 350 496 651 707 711 759 
73 111 116 129 153 334 374 474 638 673 763 989 
158 234 354 372 448 510 583 617 682 780 802 844 878 887 922 
171 240 598 671 982 991 
438 548 694 778 780 844 
217 334 394 487 510 538 645 694 763 941 
110 151 283 351 392 407 527 605 684 778 780 846 862 906 935 
274 589 674 720 779 792 
48 126 161 197 201 265 283 361 778 859 878 989 
21 38 57 362 440 494 517 611 647 883 893 918 982 
117 175 204 304 315 379 438 509 569 576 579 608 738 792 
93 203 204 529 647 692 732 949 
5 31 71 125 279 308 336 354 428 518 523 805 826 921 989 
10 55 93 131 140 192 409 438 638 663 711 
25 41 110 111 140 320 354 395 456 510 554 730 744 752 893 944 975 
299 561 576 733 758 811 914 919 
55 151 210 264 440 477 482 572 766 
33 158 177 217 283 335 346 354 360 515 574 713 759 
120 256 412 631 692 740 752 762 829 852 964 
0 10 32 277 298 460 475 523 608 676 682 826 897 950 
33 39 100 217 283 346 349 443 487 515 541 825 
350 411 572 579 803 842 
21 38 57 362 605 611 661 682 720 780 825 918 
57 117 614 658 814 
37 75 78 147 183 298 366 538 605 634 738 909 921 
21 57 70 125 281 413 494 690 793 857 
45 171 419 517 571 600 769 883 896 999 
70 115 118 196 301 362 370 489 522 622 684 797 819 820 930 947 975 
70 407 486 572 718 765 819 914 
27 138 240 307 362 401 438 600 744 830 890 
162 206 289 362 460 480 591 851 
120 207 294 392 512 724 
352 448 460 529 557 598 641 746 782 788 939 956 
168 311 329 349 403 406 419 472 692 765 810 952 
132 494 606 647 678 688 692 975 
25 27 131 304 368 392 440 461 494 517 569 647 655 801 842 854 862 883 893 952 982 
1 54 183 283 944 998 
17 388 480 500 544 736 742 803 839 945 
127 151 161 177 229 334 401 427 470 494 509 569 581 758 946 
255 283 480 743 745 763 782 995 
181 196 354 419 421 472 658 844 913 
56 694 775 862 
48 145 160 580 795 963 
75 112 275 335 348 509 581 884 937 984 
45 108 136 155 193 378 385 583 585 693 843 925 948 
100 249 355 368 395 438 735 746 854 883 895 905 966 
110 172 177 310 494 573 600 707 778 867 966 970 
178 183 204 319 334 348 419 478 628 949 984 
58 332 421 651 890 
11 266 437 470 509 534 623 793 890 949 995 
8 190 362 403 640 684 707 722 867 944 
27 58 354 357 480 638 752 
25 55 71 88 141 349 373 438 460 487 567 577 684 778 826 860 
31 59 145 248 354 472 594 813 886 897 920 
266 348 437 509 623 890 949 984 
132 688 692 749 854 893 991 
27 58 104 354 357 480 628 649 735 752 792 798 862 901 
75 226 240 262 310 470 597 629 
186 217 265 546 661 895 923 947 
17 39 350 377 541 804 970 983 
110 152 207 217 339 487 514 522 577 798 805 812 826 937 
71 172 283 355 364 469 919 947 
210 226 280 481 696 722 789 809 829 
112 116 153 252 276 280 296 468 495 527 673 699 703 912 960 
68 140 258 378 449 489 658 692 792 804 832 839 876 983 
120 256 350 411 412 529 572 579 740 803 813 829 842 
205 236 368 460 538 617 778 814 829 865 900 920 
150 204 236 548 610 628 682 689 731 826 852 897 906 952 
346 368 435 496 527 529 716 803 
33 120 197 217 241 283 346 350 515 567 878 893 
5 111 192 205 236 281 561 657 814 820 829 899 982 
21 151 266 296 760 854 899 988 
94 112 162 354 428 470 509 544 568 585 798 805 966 
579 581 966 
217 423 529 567 594 738 824 913 
55 118 264 572 676 689 757 766 854 883 970 
173 215 487 522 710 731 838 
12 39 69 173 522 775 792 825 
48 55 108 156 171 294 419 495 699 703 707 745 
5 31 125 161 276 368 613 614 687 782 784 805 844 914 
132 298 318 496 849 
329 395 411 618 631 874 
90 191 276 339 426 526 538 639 707 825 914 937 
40 120 201 593 778 859 862 895 989 
70 120 158 490 538 583 623 684 788 814 
41 132 150 204 208 236 541 590 606 638 826 852 906 
159 229 427 673 741 985 
31 55 132 163 175 310 362 527 597 618 766 775 910 914 960 
33 217 283 346 438 471 515 634 720 736 871 
209 267 296 411 440 685 722 803 867 
278 329 368 413 417 682 692 733 860 
45 147 168 204 275 305 368 427 453 471 484 541 561 651 874 884 920 931 937 
32 285 368 373 653 660 788 886 947 
35 66 85 526 569 571 623 675 795 798 853 862 886 952 967 
18 45 55 100 172 177 194 309 371 401 554 614 692 886 918 
28 48 145 157 274 346 376 381 405 427 614 694 735 742 788 809 897 
362 413 631 752 762 838 
145 151 175 177 310 351 362 438 563 567 572 605 709 752 780 935 956 970 
41 75 279 325 423 471 510 521 595 663 686 687 749 775 823 871 966 
258 279 298 362 428 455 522 530 675 682 752 826 855 
6 10 450 507 
110 207 215 522 685 688 798 826 838 867 
69 161 177 876 
73 388 419 484 510 603 684 918 936 961 
127 151 161 318 334 413 427 470 494 569 788 956 
27 104 177 523 597 788 879 
220 368 423 712 722 947 967 981 
8 32 71 75 108 145 242 438 486 676 684 694 766 958 
71 145 158 196 558 583 617 670 674 704 774 885 
70 120 247 354 424 623 800 859 
118 217 283 346 515 526 661 720 780 
6 32 78 147 279 329 362 368 392 417 460 472 538 580 634 658 692 738 860 871 973 
17 90 120 275 348 620 793 912 966 
0 6 140 154 168 239 252 257 272 368 415 628 676 744 871 912 913 
3 154 168 240 272 283 406 432 436 538 628 692 746 788 790 956 
105 408 494 591 634 815 854 899 944 
217 490 577 614 722 804 825 856 906 937 
161 412 487 572 631 692 706 745 746 900 
17 161 207 346 388 558 774 798 826 
220 430 516 578 677 706 744 775 868 942 995 997 
151 296 432 460 504 661 675 780 830 890 
58 120 190 354 408 460 500 572 766 815 871 874 888 
1 54 183 283 944 998 
115 150 168 176 204 236 326 766 826 852 906 
17 27 217 236 240 541 892 956 
159 886 952 
120 241 350 354 494 541 567 631 893 963 
6 32 116 381 472 492 523 560 632 706 775 777 778 865 893 
110 494 573 631 707 735 780 867 
27 58 354 357 480 752 
102 154 279 283 448 540 581 888 
7 8 157 449 470 659 719 810 867 948 
71 130 276 299 413 450 634 783 837 914 919 937 942 
130 212 362 419 694 919 
327 469 722 795 810 
21 136 193 413 585 793 843 857 925 948 
174 241 276 362 368 464 468 538 692 766 832 918 950 960 
32 145 229 390 395 422 593 692 694 714 854 
78 94 129 198 470 644 659 719 810 922 926 960 
45 48 319 352 368 453 527 529 541 595 676 720 884 920 931 937 
217 472 522 577 805 844 
126 162 206 289 319 480 499 591 639 765 851 
193 315 318 447 484 494 529 594 645 692 775 845 849 998 
72 307 789 832 834 970 975 
177 339 560 606 653 894 911 
139 229 290 401 440 482 509 581 631 740 
7 154 381 597 631 722 752 812 844 853 859 982 
116 125 161 217 346 368 561 573 580 653 888 
8 467 684 690 911 
54 69 100 216 362 387 409 485 617 692 789 798 910 998 
75 125 130 175 355 368 438 470 530 684 698 832 834 839 975 
112 145 175 177 265 350 385 460 521 572 612 684 914 
1 8 48 73 110 140 217 349 455 578 682 710 774 881 883 948 
151 249 266 346 355 373 377 424 494 883 905 988 
90 170 214 265 266 283 304 406 489 523 675 789 843 883 886 887 932 952 
57 145 368 494 658 682 937 
11 470 495 534 539 699 703 812 829 995 
136 193 579 585 593 812 832 843 925 948 
25 68 496 524 626 774 864 947 
94 327 400 428 469 509 585 758 795 810 866 895 
12 401 597 663 760 912 923 
405 571 648 732 798 
28 44 48 120 319 352 368 527 529 530 595 676 720 825 879 
71 210 280 518 522 571 617 672 885 937 
35 217 290 405 522 526 569 805 952 
28 39 114 230 258 400 419 665 793 844 928 984 
31 125 143 381 417 895 934 
73 110 510 682 710 774 878 883 919 948 980 
4 90 177 373 471 613 663 716 828 871 
27 58 75 115 354 357 450 480 516 522 752 766 919 937 999 
395 472 844 854 895 
90 145 170 186 279 461 581 675 782 
0 53 57 94 368 401 428 450 684 784 937 
69 117 187 204 315 509 538 569 576 713 720 819 878 
375 401 583 701 889 914 939 964 
78 218 401 438 460 671 923 
164 188 213 225 381 634 782 804 983 
21 46 234 362 368 413 419 438 521 563 793 797 844 904 
32 193 197 298 401 419 460 569 577 608 676 844 897 989 
6 12 175 183 227 347 390 402 577 630 722 766 804 831 834 
6 475 676 
114 175 177 275 710 782 914 
48 145 160 580 795 963 
205 306 349 351 464 593 634 
204 529 732 
43 283 392 407 522 527 565 617 684 778 846 862 906 
131 185 242 449 471 554 678 895 960 
145 349 794 888 
85 205 329 368 417 692 860 
295 725 795 887 937 940 
396 438 470 548 573 677 744 789 809 811 829 868 
45 52 110 207 321 419 563 565 665 740 789 798 829 839 
35 177 220 310 516 537 600 653 709 970 995 
58 70 75 80 115 120 140 368 449 513 684 757 765 819 829 
38 71 192 252 283 520 526 720 722 798 918 948 
120 136 236 493 538 546 568 614 641 665 878 914 921 981 
346 448 477 538 561 605 780 878 887 888 
12 120 132 296 368 401 571 638 679 829 885 897 
27 115 236 240 541 605 788 956 
201 274 423 487 567 631 824 913 
33 48 145 160 177 274 573 580 740 795 883 963 
37 145 175 177 183 279 349 366 373 428 572 660 674 720 736 788 814 826 844 886 888 
26 82 111 141 629 661 720 780 
112 125 130 521 698 839 914 919 
33 217 283 346 471 515 575 673 
25 52 89 122 224 258 294 381 472 523 730 758 931 949 
69 296 368 803 829 860 921 
48 59 108 126 185 361 448 471 498 538 678 780 817 878 887 960 
24 38 151 275 322 343 387 620 765 803 915 952 
51 136 140 460 507 531 675 769 949 998 
168 332 477 539 548 578 684 766 775 812 829 
14 35 95 160 175 517 597 653 722 766 889 910 966 
239 593 804 812 832 919 
10 88 192 255 310 571 702 709 711 752 859 890 956 970 
28 132 236 349 661 943 
11 256 378 470 487 510 534 793 912 978 995 
12 39 158 227 390 583 617 704 722 825 
229 687 
392 398 440 461 568 569 801 862 953 
12 32 120 132 472 516 638 744 788 844 885 
93 97 217 276 299 413 546 634 661 783 789 837 923 942 947 
75 93 258 283 469 538 642 874 919 921 
67 143 460 481 746 797 919 
78 218 401 438 460 671 923 
154 168 201 272 436 490 628 
93 162 177 373 474 493 
25 38 151 266 296 310 418 766 895 988 
12 21 93 197 350 760 782 841 878 
27 69 115 187 350 411 572 579 605 720 798 803 842 
150 204 236 826 852 906 
368 529 598 782 
17 162 217 381 427 458 711 789 800 944 
8 36 122 130 274 424 467 505 608 682 792 925 981 
115 215 450 561 614 658 687 693 765 919 937 
8 145 175 177 239 572 867 
98 140 146 217 326 343 598 686 766 800 928 943 
22 206 239 319 505 540 616 706 742 804 919 
43 90 172 177 407 529 613 639 828 902 
129 145 277 437 467 
72 93 350 556 606 928 
10 39 85 111 122 154 168 246 354 362 394 440 484 711 722 735 809 918 
450 919 937 
289 335 617 623 639 701 805 946 
118 301 362 459 489 522 622 675 701 921 930 
54 68 142 183 381 529 593 655 766 815 829 831 
7 449 470 529 851 948 
198 429 505 853 883 910 
94 112 170 277 429 548 647 746 788 814 926 956 
5 72 357 403 452 460 653 708 885 886 
41 141 290 477 684 720 766 862 893 
10 96 100 493 623 638 722 757 970 978 
70 105 276 362 494 631 684 752 762 765 815 819 838 886 944 
185 368 461 561 675 687 829 
12 15 71 165 175 460 529 550 579 632 795 857 922 
6 43 140 319 429 472 574 605 769 782 
140 319 405 571 605 648 732 769 798 
26 100 129 172 194 205 290 496 525 626 766 843 895 913 916 960 
120 168 214 266 279 766 874 885 
52 115 227 390 516 598 722 766 
8 14 160 653 684 706 829 867 885 887 
392 411 484 489 632 720 862 
48 54 126 205 296 361 541 600 633 843 878 992 
31 529 548 591 595 721 885 
320 362 455 539 561 645 704 707 722 752 758 763 914 919 934 943 
1 112 304 514 529 800 
116 177 201 333 653 692 720 749 846 893 991 
154 227 381 383 390 460 531 548 812 844 858 
14 157 160 653 661 719 720 732 780 887 895 897 
335 368 414 512 513 557 653 687 690 795 914 937 
33 217 283 346 496 515 626 
39 145 295 346 419 427 509 525 541 763 769 800 830 844 
104 196 210 229 411 422 516 686 692 708 714 883 
21 105 413 494 793 815 857 862 944 
177 368 571 623 795 829 853 946 
69 285 366 381 419 460 521 569 720 777 871 897 928 958 
443 459 601 675 701 809 841 883 921 
12 39 57 69 173 204 358 368 522 738 775 792 825 937 
70 120 126 145 196 217 220 239 411 428 439 546 623 661 674 804 919 923 947 
171 227 289 462 674 946 964 
17 145 217 279 322 354 377 422 487 515 541 546 600 602 661 697 797 885 923 947 
78 183 263 456 480 550 676 743 745 769 782 886 909 980 
94 112 163 164 429 600 630 744 789 825 829 854 
201 234 265 268 274 448 490 631 638 763 
33 57 127 661 846 
6 28 73 118 415 449 489 530 676 744 833 913 
32 206 525 742 916 
28 32 36 467 505 516 682 744 750 798 
33 57 127 661 846 
15 283 375 385 494 721 731 789 790 826 829 860 883 885 
35 73 170 214 324 346 387 427 529 556 736 750 800 928 
6 80 385 415 429 460 577 649 684 716 782 860 913 923 
145 308 470 534 580 795 814 995 
2 215 280 390 573 766 809 811 812 826 829 874 966 
37 71 214 577 600 706 919 992 
177 310 400 600 709 758 866 895 970 
114 175 177 275 710 782 914 
73 118 274 310 449 
12 120 217 272 349 350 354 394 487 510 562 685 782 804 841 948 
154 186 265 448 780 812 887 895 
37 39 43 440 597 618 736 814 844 932 
73 173 177 203 604 675 784 844 891 947 
39 458 531 580 832 871 988 
71 318 336 354 413 509 593 788 857 921 937 954 956 964 989 
120 160 183 205 306 430 504 593 763 775 795 830 862 895 998 
110 122 198 207 530 673 723 798 826 
69 112 116 201 333 362 563 653 720 846 
82 224 228 390 395 500 511 527 760 854 945 982 
48 78 177 613 692 752 828 964 
18 54 68 118 142 438 533 593 655 740 815 
97 110 175 276 368 734 782 795 834 883 975 983 995 
8 36 41 71 210 274 424 522 617 793 925 937 981 
39 78 94 198 419 644 922 926 
36 151 275 322 343 467 505 513 620 682 720 766 803 914 984 
28 239 521 627 699 946 
8 31 43 69 259 362 429 782 854 933 
461 569 801 862 
138 283 307 375 385 486 721 731 790 885 
354 510 517 581 722 854 
192 427 673 692 893 935 991 
12 37 161 168 259 299 350 362 472 561 605 782 841 844 921 
144 208 231 290 390 403 458 474 548 561 888 895 969 
35 75 158 300 354 536 583 617 885 920 949 
350 411 427 561 579 673 778 803 842 865 
113 176 210 406 788 789 829 
57 178 534 614 658 814 927 
71 187 213 326 629 841 
38 71 266 283 523 766 944 
158 164 327 405 484 783 804 
96 154 168 258 272 303 364 436 524 554 573 628 922 943 998 
5 12 154 227 352 390 429 593 722 736 782 956 
274 349 351 464 521 634 639 699 854 855 899 
28 112 214 440 504 530 809 956 
368 571 623 653 795 853 
12 120 227 241 350 354 390 567 704 722 884 
309 347 551 829 921 
73 505 548 641 
52 72 90 103 170 480 598 675 841 886 946 
188 276 468 505 706 716 804 854 899 960 
125 130 698 839 
8 12 70 90 239 283 285 470 550 793 
0 10 57 104 173 450 710 731 937 
151 266 988 
117 129 276 468 689 692 723 887 960 
58 140 190 354 460 859 
69 112 362 442 471 563 758 
29 217 546 597 661 830 846 859 883 923 947 
177 217 346 440 561 604 766 784 832 888 947 
7 72 128 176 198 280 427 429 505 529 692 763 853 883 910 
58 73 183 203 210 229 422 510 603 684 692 714 792 936 961 
411 561 800 829 
95 116 154 280 354 517 597 618 722 932 
0 168 183 277 366 475 523 674 682 720 763 826 830 950 
101 147 229 265 283 657 903 
21 38 57 362 611 918 
145 175 489 541 597 686 744 795 846 910 960 973 
43 51 620 705 
25 52 175 183 239 730 800 937 
52 140 319 579 581 598 605 769 966 
73 118 204 274 310 319 449 579 736 778 972 
4 112 131 170 403 430 530 755 820 963 
70 143 623 
181 387 412 481 581 884 
8 12 116 153 217 346 422 561 674 686 823 888 893 918 
93 139 164 213 217 225 227 346 494 538 561 782 874 921 932 
43 57 70 93 176 227 349 351 444 464 513 598 634 694 805 835 
157 236 423 470 516 659 661 744 753 810 821 960 
329 368 373 379 417 438 660 692 738 788 860 886 
188 279 364 388 438 500 524 571 573 634 638 922 945 953 
89 258 294 472 523 758 931 949 
39 350 970 
100 204 334 368 438 579 593 703 735 746 812 832 895 966 
39 95 181 295 303 368 390 470 704 758 825 
90 141 177 526 589 597 613 701 720 792 828 953 982 
12 39 69 173 419 522 581 752 775 792 825 
171 240 296 460 516 523 598 610 671 675 722 733 982 991 998 
32 73 98 175 188 368 387 530 590 597 598 766 910 960 
35 120 204 215 449 703 812 895 
28 112 171 240 432 504 561 598 671 775 982 991 998 
118 301 362 368 421 489 500 522 622 653 750 871 874 888 899 930 
68 126 217 334 343 352 492 590 659 713 722 829 887 
90 191 276 339 426 677 744 825 868 914 
39 368 470 674 712 759 854 
90 120 309 510 620 722 793 
215 336 385 422 606 685 688 738 838 897 
58 354 357 480 752 
177 180 205 217 343 412 665 682 785 891 
1 32 57 214 216 227 490 529 614 647 658 814 906 927 967 
100 197 258 440 766 812 829 832 878 
82 117 349 351 464 480 537 634 911 
57 214 279 298 450 766 933 956 
31 115 304 387 392 461 569 703 789 798 800 801 837 843 862 
217 422 546 661 923 947 
93 104 207 332 381 411 460 522 533 597 598 614 706 
23 38 98 280 558 598 914 928 
185 208 471 573 674 678 960 
71 272 300 496 
39 66 154 168 354 484 675 711 722 886 918 967 
6 46 167 280 475 521 578 598 628 676 774 844 905 
55 75 240 262 264 470 572 597 766 
39 276 468 704 825 960 
28 145 157 274 346 735 742 809 
112 368 521 523 571 589 623 720 788 792 795 853 914 
70 315 349 351 378 464 484 541 634 684 692 765 819 825 845 997 
17 236 240 320 368 381 541 763 829 934 956 
27 58 177 332 421 597 651 879 890 
118 492 526 
151 181 257 348 569 845 900 938 
120 241 350 354 419 567 701 722 893 
38 52 93 183 492 538 548 612 805 829 941 978 
316 345 349 357 580 602 744 888 
183 192 204 258 403 440 797 804 921 998 
75 205 207 285 403 461 529 829 896 950 
12 39 224 227 381 390 429 704 722 782 825 
173 368 829 
105 129 160 183 430 494 685 689 692 815 862 867 944 
97 120 438 483 509 513 526 538 639 707 840 937 
120 124 196 204 205 334 368 460 538 581 703 823 834 895 
43 69 112 160 162 170 214 324 346 362 563 571 593 750 878 
12 120 124 129 132 205 581 638 689 692 834 885 
117 150 204 236 826 852 887 906 
116 161 166 201 259 299 384 561 597 663 846 
529 851 
8 39 154 484 722 746 918 963 
73 151 383 513 692 860 919 
236 246 304 308 331 494 558 606 639 658 678 684 765 975 
236 268 423 516 744 803 
56 663 694 775 862 
122 161 343 390 455 535 675 752 
27 45 217 453 541 884 892 920 931 937 
145 354 422 487 496 600 626 885 
83 93 167 213 427 510 538 675 766 874 886 932 949 
10 55 108 139 156 164 213 225 294 494 605 682 782 825 
37 40 94 112 175 361 429 477 496 500 577 600 626 706 919 952 984 992 
6 57 64 69 95 285 361 381 415 453 653 658 676 871 913 
3 75 96 145 214 355 419 438 448 510 557 641 684 695 
80 276 354 430 722 942 997 
43 51 209 321 500 563 620 705 798 839 862 874 888 
35 69 132 189 207 526 569 803 833 860 895 921 952 981 
45 108 155 378 385 583 693 788 
28 48 217 346 419 424 427 480 510 614 623 789 800 
11 39 470 534 704 793 825 995 
129 144 198 280 477 487 530 673 805 928 
8 130 322 395 663 695 919 
376 405 423 521 606 614 694 749 752 778 788 823 
8 118 315 492 522 526 569 663 682 829 919 
51 70 73 139 140 310 455 496 626 720 752 788 790 947 965 
8 27 322 354 422 480 694 823 897 918 
183 276 468 529 530 763 766 830 831 855 960 
140 145 175 177 214 354 461 471 504 572 605 663 871 919 956 
32 69 275 509 605 710 803 860 921 
25 78 231 336 408 409 448 485 510 524 557 592 634 641 
1 48 94 428 509 585 660 
55 93 103 381 460 487 522 597 682 722 812 937 
39 43 313 390 440 692 829 
177 496 579 626 648 745 934 939 
236 617 682 774 814 829 883 900 
78 177 185 239 259 423 486 521 720 749 775 781 823 901 
6 32 472 529 530 675 855 
78 105 279 428 494 815 826 841 862 944 
4 8 39 70 90 239 350 373 684 688 716 765 819 970 
69 130 145 159 217 279 332 362 633 798 862 914 
177 362 496 626 684 707 722 867 897 943 
209 267 296 329 411 440 722 803 
72 170 214 239 278 324 346 520 750 775 822 832 970 
81 145 554 659 718 746 788 797 956 
32 54 210 274 409 485 486 631 685 720 735 741 780 829 920 966 
8 140 829 858 
54 234 265 268 279 553 735 763 820 888 901 946 989 
1 66 314 383 460 470 523 823 858 874 884 887 980 
18 21 27 311 357 413 440 494 517 647 793 857 883 893 982 
8 55 116 128 176 229 280 522 572 692 758 763 766 826 871 
7 54 234 419 449 470 541 600 633 797 904 948 992 
38 82 158 327 405 598 922 992 
164 192 213 236 423 424 487 516 574 638 744 888 935 
100 188 381 443 487 541 634 
112 381 449 552 790 795 
12 15 227 460 550 579 632 665 789 795 
32 38 82 154 168 272 298 436 460 598 608 628 676 897 922 
39 53 145 198 373 419 611 651 673 769 829 835 
164 213 419 424 448 480 538 780 878 887 
90 120 188 309 381 510 620 634 793 
27 39 58 123 354 357 480 522 580 712 832 871 988 
438 778 780 
207 285 335 509 884 937 950 
442 623 795 853 
3 96 145 214 419 510 695 
45 55 88 177 187 214 294 309 350 354 381 423 548 603 614 682 692 
48 120 216 379 529 610 611 648 692 787 800 862 899 909 949 
57 78 93 94 129 198 444 598 644 694 805 922 
54 85 378 762 859 
129 689 692 
362 397 720 766 778 914 982 
85 161 205 368 496 573 580 626 653 
75 183 308 314 487 548 718 766 775 831 
390 414 544 740 885 914 
35 72 80 122 234 343 354 427 493 528 897 
31 115 262 294 304 352 387 708 798 837 843 853 883 978 
1 48 66 85 455 660 675 886 967 
110 151 351 605 740 780 883 935 
168 427 484 874 
17 18 236 240 371 401 541 554 886 918 956 
71 214 242 279 296 368 471 478 504 758 766 853 956 
43 145 175 177 192 522 572 617 859 935 
427 496 509 569 611 626 707 867 967 984 
175 177 259 597 766 775 781 910 960 
40 361 477 500 696 789 829 
38 57 136 193 362 585 843 918 925 948 
157 470 659 719 810 960 
205 329 368 403 419 460 538 765 952 
183 366 376 405 674 694 712 720 788 854 
33 57 90 120 127 151 309 440 482 510 620 661 740 793 846 
120 124 205 275 581 641 684 834 
21 57 558 670 774 
110 175 183 239 387 682 788 800 900 937 
38 59 115 145 183 370 571 614 623 763 778 794 795 797 947 
32 605 613 710 788 814 913 988 
32 69 130 239 279 362 448 516 523 540 674 733 887 914 998 
277 789 793 914 984 
54 295 529 571 597 623 687 738 795 853 
80 512 529 577 649 653 716 860 
126 319 397 499 639 765 862 885 
140 154 173 205 285 368 381 529 539 656 684 812 829 844 944 
5 104 279 428 529 591 826 
266 523 766 944 
38 82 140 319 487 577 598 605 769 826 860 992 
117 204 509 569 576 
41 339 349 351 395 464 606 634 893 944 
5 90 120 222 275 309 352 403 413 510 610 620 641 652 684 686 736 793 798 827 895 
36 227 229 390 430 467 505 548 573 682 774 
39 52 151 171 335 432 504 510 538 612 763 830 855 876 886 890 941 
78 218 401 438 460 529 598 671 782 923 
18 54 71 85 93 234 242 336 529 558 706 762 846 859 897 938 
5 494 529 541 591 631 963 
209 267 296 329 411 440 447 529 594 722 803 809 849 
39 145 419 769 
516 523 733 998 
438 598 892 
22 33 217 346 505 515 540 616 706 758 766 
8 90 120 188 309 349 351 464 510 620 634 706 716 793 804 
7 35 405 413 449 470 509 640 788 889 
75 325 370 595 775 797 923 932 947 977 
208 220 290 368 458 712 888 947 967 969 981 
1 17 39 48 236 240 541 660 704 825 956 
38 51 137 319 471 522 538 588 614 634 678 
78 94 129 198 459 477 644 675 695 701 719 803 862 921 922 926 
32 72 239 278 448 520 540 674 775 822 832 887 914 970 
45 55 177 309 327 361 614 692 704 884 967 
140 270 402 409 485 577 722 804 832 983 
240 274 328 448 538 834 
51 136 193 585 631 663 723 843 925 948 998 
32 62 201 218 368 470 540 640 701 
1 4 48 70 151 328 345 390 413 414 660 833 885 886 895 
94 177 276 280 401 415 428 468 604 684 784 947 960 
110 151 351 605 780 935 
262 294 315 352 419 484 692 708 752 825 845 853 883 978 997 
41 178 268 396 438 469 489 538 541 548 593 634 653 661 793 918 919 
3 289 335 440 494 606 617 623 678 687 946 975 
259 490 538 788 814 882 937 956 
392 489 494 525 558 569 632 766 774 916 998 
66 73 118 144 274 310 326 343 439 523 686 766 815 900 943 
40 368 413 477 500 507 780 895 937 
262 294 352 548 708 731 853 883 978 
110 362 527 602 778 798 809 826 914 966 
35 145 215 295 509 525 541 812 844 
71 135 158 354 468 583 617 630 
43 51 130 322 395 600 620 695 705 744 
2 43 68 151 217 334 343 713 722 862 
33 45 136 162 193 364 430 585 773 843 883 925 948 
28 145 157 346 423 521 735 742 749 823 834 
57 93 444 598 694 805 
55 72 108 145 156 175 177 270 294 295 529 541 572 574 585 713 759 937 947 
120 332 362 469 579 593 672 680 812 828 832 935 991 
5 27 115 204 334 352 390 395 605 703 736 854 
579 581 966 
70 126 129 296 328 361 368 381 449 810 829 878 903 944 
55 80 108 156 205 294 354 368 460 538 
1 48 660 
5 28 214 283 354 480 504 511 569 708 718 732 832 841 874 956 
32 145 199 275 605 672 689 692 710 829 841 935 946 
75 168 185 392 427 461 484 486 569 571 623 795 801 853 862 874 
172 464 492 538 548 
32 39 285 327 699 704 757 825 947 970 978 
471 694 758 
53 373 405 424 529 574 651 674 720 801 829 835 953 
64 370 384 529 598 614 720 782 797 854 864 899 923 932 947 977 
12 35 256 278 368 413 526 529 538 639 682 707 736 937 
27 100 349 440 443 494 517 647 883 893 982 
73 98 368 387 403 477 530 591 695 
5 185 357 403 452 471 653 663 678 708 871 886 960 
46 120 553 560 597 775 886 887 
176 618 684 687 810 824 
12 32 48 381 597 631 720 735 780 920 
14 73 160 295 391 427 480 486 534 653 673 758 829 887 
44 283 663 684 775 824 825 879 988 
71 141 177 349 373 496 626 684 778 
110 115 401 413 449 484 630 682 888 900 
492 548 550 
350 411 572 579 803 842 
72 239 278 520 775 822 832 970 
21 145 290 338 385 494 496 626 735 773 
4 27 39 78 177 217 259 600 775 781 855 892 937 960 
32 183 193 197 204 296 401 577 609 797 989 
692 749 893 
36 116 201 333 347 402 523 577 653 720 722 789 804 846 941 
163 348 854 912 
37 68 113 179 265 377 392 411 415 461 569 801 862 
277 793 838 914 984 
72 139 239 278 438 520 526 540 608 775 790 822 966 970 
45 71 175 224 239 910 
23 145 266 395 401 513 518 833 860 919 
45 303 390 453 541 571 684 706 783 795 853 884 920 931 937 998 
78 183 204 319 676 909 980 
105 147 394 415 477 510 538 561 634 704 738 758 884 914 919 
188 329 368 417 692 706 716 804 
70 141 489 540 608 682 684 765 819 992 
35 71 187 249 326 617 624 629 720 733 798 805 841 926 950 966 
57 116 168 368 450 606 633 937 
33 45 68 162 342 346 364 373 430 435 527 666 711 733 773 803 883 932 
10 116 192 201 333 653 711 720 846 
35 368 395 405 470 477 494 682 736 795 854 883 895 995 
177 194 239 569 574 604 641 784 844 947 
12 72 90 115 120 309 394 424 448 510 538 541 620 676 780 792 793 878 887 981 
362 369 392 460 525 658 
33 217 283 346 515 817 858 
16 358 450 944 
23 143 171 217 280 395 460 481 522 577 676 742 805 919 
18 145 161 168 183 234 242 336 350 362 366 674 720 
32 140 236 285 388 423 447 461 516 529 744 813 945 947 
7 72 392 427 529 561 779 
27 58 354 357 480 703 752 
68 163 385 392 461 505 569 660 801 854 862 
39 168 183 298 366 427 484 704 825 855 874 
383 460 858 
39 154 168 204 319 354 484 711 722 918 
249 355 883 905 
25 116 163 190 381 480 492 523 581 706 782 841 874 890 893 898 
132 227 525 580 795 916 
4 70 120 124 132 205 328 581 688 833 834 895 
304 364 470 511 524 548 573 579 608 792 922 988 
183 205 330 334 419 470 478 
27 46 115 151 275 322 343 369 419 581 620 752 795 803 844 846 
8 78 427 450 461 471 496 576 579 581 626 678 829 867 937 966 
75 161 240 262 470 487 572 597 692 706 745 746 
39 69 94 112 345 401 429 704 746 
27 58 78 147 354 480 538 634 738 752 
27 39 145 177 259 263 419 550 561 611 769 886 
2 226 467 766 826 846 883 
52 276 368 598 687 782 914 
54 85 414 762 829 859 935 
157 170 276 388 500 548 590 738 742 758 769 789 814 926 
161 368 487 489 561 572 687 692 706 745 746 
48 52 268 368 419 469 513 710 885 
7 170 217 419 546 548 606 658 661 814 854 923 926 947 975 
126 132 163 310 319 499 639 765 775 
276 299 328 413 482 617 624 634 674 783 798 837 854 942 966 
2 15 41 52 145 334 335 487 494 499 676 686 792 883 
208 385 396 561 571 573 648 674 732 798 883 894 944 
208 290 458 888 969 
94 217 401 428 546 661 684 784 923 947 
57 145 368 494 658 682 937 
33 110 140 283 346 515 632 
43 247 278 368 682 829 
152 212 362 419 694 722 738 888 919 
4 348 373 471 658 663 716 765 871 912 
1 32 128 379 529 862 899 909 
48 126 361 741 829 878 918 
283 432 949 
64 66 144 158 354 384 439 523 583 617 815 864 885 900 
37 279 500 605 871 874 888 914 921 
32 90 120 309 510 579 620 631 648 720 735 780 793 920 
71 173 205 596 630 649 706 789 809 846 919 
1 175 229 401 509 581 631 752 758 857 937 954 964 
208 290 888 969 
1 112 304 346 514 527 529 800 803 
54 57 127 196 224 280 354 512 661 662 674 918 966 
7 422 449 470 823 918 948 
80 354 526 538 561 639 707 937 
174 196 290 578 663 674 766 814 966 
120 192 241 350 354 370 567 797 893 897 923 932 935 947 977 
57 130 274 361 432 528 967 
26 78 120 124 205 218 326 401 438 460 466 486 581 641 671 834 923 
55 93 131 638 
118 162 170 301 362 401 460 489 522 606 622 930 
6 28 48 70 349 385 460 475 510 606 623 676 684 765 819 923 
205 308 334 424 496 513 529 530 538 626 645 675 694 855 914 941 
55 264 401 484 572 579 581 630 682 766 793 888 956 966 
68 279 368 378 449 470 581 692 839 
55 57 268 401 413 484 630 652 682 888 
55 93 108 156 196 197 217 294 522 577 785 805 820 878 975 
154 157 205 381 460 470 538 659 719 810 812 844 960 
67 100 368 438 494 541 631 692 735 746 788 797 798 862 956 963 966 
21 36 38 57 362 467 505 611 682 
42 147 154 196 269 464 515 593 722 820 823 922 956 975 
263 395 597 613 614 663 784 
32 111 206 742 763 
105 142 332 346 362 419 435 469 527 682 722 803 830 940 991 
229 278 368 401 413 509 581 631 682 758 
25 150 204 242 261 471 474 730 758 826 852 906 970 
471 678 
21 205 215 374 487 522 688 766 838 844 871 874 888 
348 437 620 708 715 809 883 885 978 
177 188 381 604 784 947 
55 93 131 217 265 283 546 638 661 923 947 
25 39 231 495 524 699 703 704 825 
405 438 529 598 638 674 782 953 
6 69 214 266 450 475 591 676 744 980 
209 267 296 329 411 440 722 803 
6 93 401 475 538 571 676 679 874 897 921 932 
112 162 568 708 798 805 883 978 
171 183 204 240 598 671 797 982 991 
88 255 571 702 859 890 956 
352 368 538 763 800 805 
21 205 332 374 548 738 766 835 844 854 899 
198 429 447 529 594 809 849 853 883 910 
55 108 156 294 357 460 470 486 749 780 829 915 
39 580 832 871 
325 349 351 368 464 622 634 692 736 
45 116 130 326 346 348 378 477 534 561 605 634 673 676 888 984 989 
580 832 871 988 
151 275 343 385 460 684 803 923 
27 58 217 346 354 357 480 561 752 888 
7 120 151 210 419 440 477 482 606 655 680 798 828 854 862 975 
229 401 509 581 631 758 
160 162 236 261 318 423 585 593 
120 207 294 334 392 400 512 724 746 758 788 866 895 941 949 
105 130 494 815 820 862 944 
6 126 158 193 214 332 561 626 630 833 834 843 998 
33 55 100 103 217 283 368 438 515 722 735 746 966 
39 227 350 390 494 516 523 606 678 722 733 970 975 998 
175 486 503 597 710 766 910 960 982 
70 120 207 373 392 512 684 724 765 819 846 
116 173 227 354 368 472 624 684 775 789 829 
16 175 201 358 450 530 832 834 944 975 
130 274 529 571 591 623 795 820 853 
192 296 368 487 638 641 652 798 829 888 889 895 935 
72 368 471 663 829 832 871 970 
114 177 306 309 692 854 899 
11 90 198 311 358 470 534 793 838 940 941 995 
38 82 598 922 992 
41 192 487 638 684 686 765 819 888 935 
12 28 95 112 159 300 470 517 530 561 722 735 794 
335 379 529 620 862 899 909 
48 332 504 531 563 687 
0 4 53 349 350 368 373 440 634 716 809 
37 54 68 113 179 265 377 411 415 758 
93 97 104 208 573 588 674 789 810 903 
18 37 207 236 294 423 456 516 715 744 793 797 826 952 
21 161 279 347 402 403 438 529 638 692 722 804 851 953 
37 93 139 164 213 225 494 538 605 782 874 921 932 
28 132 296 349 362 419 609 661 694 919 
267 329 411 440 722 803 
93 350 608 952 
95 97 120 280 419 438 483 509 513 622 682 797 838 840 
201 234 525 629 916 
71 141 349 373 379 438 526 571 623 684 738 778 853 895 956 
32 43 93 145 383 460 593 676 694 785 858 
218 290 405 428 439 540 640 675 
73 96 115 145 166 279 390 624 696 762 984 
35 122 331 335 509 548 573 639 718 720 723 809 811 829 992 
69 256 368 601 918 935 978 
35 388 419 484 522 569 826 918 
168 349 692 810 
35 110 122 605 718 723 780 935 
10 98 217 335 346 509 561 598 884 888 928 937 
73 112 115 207 285 286 387 392 438 511 614 
32 217 236 345 354 401 571 711 943 979 
72 96 120 183 256 412 533 541 594 642 740 829 
325 459 595 675 682 701 775 846 921 937 
70 90 120 309 510 620 684 758 765 793 919 
27 58 354 357 480 752 
383 460 858 
75 236 242 355 438 489 538 617 634 661 684 685 814 829 900 
41 70 73 296 369 541 738 793 
4 130 151 274 328 390 432 722 833 845 895 900 
7 39 145 413 419 606 769 854 975 
118 204 236 423 492 516 526 692 744 797 
22 239 618 639 689 804 919 967 
90 177 321 377 613 634 675 828 902 
51 118 204 301 347 362 489 522 551 622 634 829 921 930 
249 290 342 368 405 653 658 
72 438 477 517 699 
2 57 577 812 851 
8 54 68 71 75 108 142 242 438 486 529 593 655 684 766 815 958 
32 71 80 183 187 326 354 366 629 660 674 
12 35 170 196 350 368 548 766 782 814 841 883 
95 145 266 401 557 641 797 833 
112 132 227 381 449 552 580 790 795 
90 198 940 941 
18 371 401 554 886 918 
263 296 326 405 456 460 550 653 769 800 841 871 885 886 
33 217 283 346 379 438 515 738 
130 320 326 350 411 539 572 579 634 645 676 763 803 842 934 
19 55 93 180 264 279 428 438 572 614 766 810 826 885 
154 168 226 230 239 272 351 383 436 460 592 628 681 858 
69 285 296 675 871 
38 71 252 283 320 526 557 763 934 
32 55 103 275 296 368 392 461 569 583 605 682 687 710 722 766 784 801 829 862 
38 46 71 279 387 478 521 766 844 853 
33 45 162 364 430 773 883 
125 129 308 413 518 523 529 579 581 598 620 782 788 895 937 966 
35 42 97 147 196 269 316 364 464 515 820 823 922 937 975 
150 151 204 236 275 322 343 620 803 826 852 906 
21 78 234 296 355 496 626 649 712 751 829 884 
33 196 198 217 252 276 283 303 346 498 515 529 913 992 
37 93 276 296 299 362 413 605 609 634 783 837 921 942 994 
45 145 368 419 453 541 581 631 651 653 769 884 920 931 937 964 966 
104 181 419 450 567 628 649 710 763 867 919 937 
217 234 432 544 598 617 624 798 857 904 937 949 954 964 966 
91 100 142 594 
73 82 313 406 421 505 548 629 641 
72 96 183 336 354 509 533 541 593 594 642 921 989 
90 140 196 203 236 414 513 829 865 935 937 948 959 
4 136 162 193 206 289 354 373 480 529 585 591 716 831 843 851 925 946 948 
4 44 239 373 716 804 919 
1 66 314 470 523 823 874 884 980 
55 57 88 196 268 294 350 354 381 494 603 652 682 773 
14 114 160 196 321 387 653 691 887 
185 392 461 523 569 789 801 862 
39 100 205 306 358 362 392 460 608 616 681 704 800 838 859 972 
242 279 392 470 489 534 764 795 995 
12 151 321 377 460 634 675 687 902 945 982 
196 198 252 498 529 674 712 759 913 
80 110 278 368 413 449 471 577 649 682 716 829 860 960 
45 72 268 351 419 545 565 606 665 749 841 
71 113 165 175 176 196 203 513 529 752 788 857 
27 47 156 322 325 368 414 513 622 736 775 795 914 
236 617 704 814 829 884 900 949 
57 104 210 212 348 381 490 496 512 626 735 843 888 
172 464 471 538 579 648 663 841 871 934 946 
10 130 187 214 354 423 548 624 634 676 
39 51 94 204 311 339 368 401 428 470 472 634 684 784 829 
110 140 319 387 449 605 682 788 
21 38 57 132 354 362 610 611 722 918 
21 78 151 161 163 205 334 470 569 751 
126 151 220 332 336 385 411 548 685 738 835 897 
27 39 350 553 597 733 845 900 921 938 970 
11 27 440 470 494 517 534 647 793 883 893 982 995 
78 94 129 198 644 672 922 926 935 
33 54 57 122 127 147 295 529 538 597 634 661 687 738 846 
7 368 419 494 606 682 975 
54 100 362 392 461 531 569 801 862 910 
83 167 427 661 675 753 821 949 960 
90 309 346 510 561 620 793 888 
7 71 336 354 509 593 722 921 989 
208 290 458 682 881 888 969 
8 36 126 217 274 334 409 424 485 522 529 577 591 645 740 800 805 925 981 998 
308 414 494 513 525 597 663 795 885 914 998 
75 308 314 373 487 548 674 718 775 946 
12 296 383 460 489 609 858 982 
2 43 73 81 118 151 274 310 449 554 659 718 797 862 868 
5 8 357 708 829 867 886 
27 217 459 489 675 701 744 833 892 921 
93 97 132 307 688 789 966 
85 88 161 205 294 350 381 423 521 603 682 749 823 854 899 
35 122 308 422 449 718 895 913 
4 263 496 569 597 626 663 716 
8 69 73 118 196 274 310 354 364 449 630 746 963 
37 68 113 179 210 265 377 406 411 415 789 829 
185 217 381 394 471 487 510 529 598 678 782 960 
5 168 352 513 682 736 
120 185 304 408 471 572 678 766 815 960 
85 205 217 432 504 546 661 775 923 947 998 
41 93 97 686 
27 101 147 229 440 494 517 647 657 778 883 893 903 982 
31 362 529 851 
275 605 982 984 
51 70 78 140 147 538 634 720 738 788 965 
54 69 93 362 538 617 874 910 921 932 
35 285 350 368 377 766 824 918 956 
114 175 177 275 319 468 710 782 914 
8 85 138 205 242 307 471 486 530 675 758 858 
78 94 129 151 175 198 548 644 738 832 834 835 922 926 
10 313 390 471 493 663 692 829 871 
27 55 440 494 517 569 606 647 883 893 982 
105 185 487 618 675 
67 101 120 147 229 409 485 631 692 707 746 778 797 828 903 966 
1 112 120 304 514 522 529 548 573 707 800 809 811 829 
26 71 104 143 175 210 262 279 294 352 438 522 597 617 708 766 853 885 910 937 946 960 978 989 
38 276 319 500 522 588 
397 447 461 620 684 710 763 775 824 825 862 867 885 950 
6 32 55 264 285 475 572 676 692 766 844 947 
12 54 115 120 132 541 600 633 638 857 937 954 964 992 
43 51 163 489 605 620 682 705 720 736 825 854 
72 115 541 703 
75 196 308 314 487 548 718 775 895 
105 136 193 332 362 469 585 843 925 948 
182 229 276 417 471 507 527 529 533 650 678 789 964 
104 120 162 183 192 234 311 367 368 494 676 682 909 980 
6 8 183 217 450 507 766 831 883 927 
136 321 348 409 639 912 
73 151 173 275 322 343 350 382 487 511 620 803 832 
71 175 529 538 639 701 752 805 829 857 922 
8 75 212 327 469 722 753 795 800 810 858 
5 12 15 143 283 460 511 550 579 608 632 795 800 832 859 972 
10 203 366 471 523 663 688 788 871 
6 10 174 241 470 475 486 676 692 950 
10 110 192 449 471 704 711 829 884 960 
72 96 145 183 533 541 594 642 686 973 
78 170 177 259 548 775 781 814 926 
145 529 530 675 686 804 855 973 983 
1 8 48 279 349 489 548 578 634 881 
72 239 278 342 579 593 733 775 812 822 832 932 970 
68 370 373 422 449 666 711 797 923 932 947 977 
336 385 422 606 685 704 738 841 884 897 946 
117 480 911 
96 145 279 346 390 477 561 605 624 696 762 888 
32 78 177 471 613 631 663 720 735 780 828 871 920 
3 120 229 378 422 507 618 638 655 680 692 714 766 828 843 883 895 
25 38 57 162 175 206 279 289 450 548 591 694 809 811 829 851 937 
17 90 130 198 274 275 489 580 742 820 839 940 984 
140 217 368 829 
150 204 236 322 364 405 694 699 826 852 871 897 906 946 
57 104 120 122 140 161 210 212 343 390 512 535 568 675 966 
12 80 151 411 422 460 477 769 893 895 945 982 
32 72 93 350 597 606 937 982 
21 78 147 163 204 205 516 523 561 651 733 751 998 
145 186 448 461 557 641 782 
105 140 217 390 395 494 541 631 804 815 854 862 919 944 963 
140 258 270 332 347 419 665 793 804 832 914 983 984 
598 782 
21 32 54 136 213 239 274 348 411 753 764 
12 15 185 460 486 550 579 632 795 
12 48 140 381 597 684 706 783 998 
75 111 122 140 246 311 339 362 394 440 472 735 809 829 
213 275 305 368 471 510 886 
32 33 193 197 217 283 346 401 515 577 655 989 
145 196 236 516 674 744 
37 68 113 179 265 290 377 411 415 626 
120 593 862 895 
71 165 175 188 529 706 716 752 804 857 922 
4 12 35 242 392 401 468 525 580 597 663 760 801 814 862 912 923 
0 53 131 158 242 354 368 501 554 583 617 885 
217 422 449 529 546 895 923 947 
70 684 765 819 
158 354 583 617 674 712 759 854 885 
36 66 85 205 308 339 368 424 467 471 505 675 682 758 886 967 
85 111 249 653 706 
71 130 804 914 983 
7 54 192 362 438 447 449 470 563 567 944 948 
25 52 132 189 207 677 730 744 833 868 895 981 
12 120 132 369 638 885 
51 185 299 494 606 631 663 678 735 780 975 998 
186 265 423 516 744 803 895 
96 258 303 413 526 554 631 735 766 780 943 998 
39 145 196 351 411 419 769 933 
11 12 401 470 534 679 793 897 982 995 
35 118 122 492 526 529 675 718 723 
28 35 72 155 157 368 405 509 530 640 889 
32 75 205 207 285 403 461 529 561 610 749 800 829 896 947 950 
183 327 368 469 585 722 746 795 810 932 
32 115 182 229 237 258 276 316 417 509 529 631 650 720 735 775 780 896 
86 113 354 602 888 
110 334 494 541 573 631 707 867 963 
191 276 339 426 470 534 749 795 825 914 995 
115 140 168 176 196 326 348 516 539 614 656 658 686 984 
335 422 440 449 617 687 690 895 
17 94 112 177 277 429 946 966 
31 72 111 210 290 349 354 576 595 684 721 778 885 888 991 
73 510 569 603 682 684 846 936 961 
54 68 69 100 351 362 477 617 766 820 910 
175 348 372 510 597 682 802 844 910 922 960 984 
120 631 707 828 
21 38 57 362 611 789 829 918 
21 38 57 611 918 
32 110 111 140 144 261 285 318 354 403 456 474 510 585 947 
44 100 368 438 579 648 735 746 825 879 966 
33 39 154 168 217 283 346 354 484 515 711 722 918 
12 35 227 239 390 722 804 919 956 
41 90 94 198 541 793 795 940 941 
216 320 387 409 485 620 692 789 798 998 
205 475 614 629 638 674 676 712 759 854 899 
7 72 143 317 427 529 640 865 
175 278 322 413 500 597 682 694 766 871 874 888 897 910 960 
8 32 276 325 470 526 829 867 
120 171 183 217 227 234 268 277 289 430 449 462 474 541 674 755 946 964 
6 196 252 450 498 507 529 
120 177 579 593 648 745 862 895 934 
140 177 347 539 574 577 656 713 722 759 804 
25 52 557 606 692 704 730 749 778 884 893 
43 175 522 574 597 617 766 789 859 910 960 
150 204 236 346 347 402 427 577 722 800 804 826 852 906 
405 648 732 757 798 970 978 
48 52 94 145 217 272 295 469 509 525 541 
78 676 
114 161 196 321 387 525 529 691 763 813 830 858 925 
48 177 310 376 405 419 614 694 709 788 952 
217 472 522 577 614 658 778 805 844 865 920 
39 704 825 
125 129 308 378 449 518 538 620 639 692 701 839 960 
8 12 48 72 155 335 348 381 390 509 597 884 937 
12 55 111 115 275 449 460 797 867 876 
41 116 193 208 318 541 561 590 606 645 775 
143 175 177 180 205 217 481 597 766 785 891 910 960 
145 157 175 177 205 406 458 572 719 732 789 895 941 
100 120 256 412 526 569 740 746 788 829 956 
54 75 85 162 185 384 486 561 762 798 805 859 
151 266 318 413 704 788 884 956 988 
38 98 132 196 319 361 381 522 529 588 598 766 826 914 919 928 
261 263 376 405 474 597 629 663 694 788 844 970 
57 67 204 358 361 381 692 738 746 797 966 
0 183 239 257 298 366 368 414 766 831 871 
6 31 32 147 204 472 561 651 818 966 
32 132 214 242 285 354 471 504 758 947 956 
72 270 295 529 541 585 937 947 
18 234 242 336 385 422 606 685 738 897 
1 8 48 186 265 349 392 489 578 632 704 881 884 895 
6 71 105 214 279 475 494 676 815 854 862 944 
37 208 290 381 401 419 458 460 605 777 888 969 
104 263 334 460 464 769 939 
225 468 704 722 884 948 960 
12 285 300 339 470 550 579 581 735 794 950 966 
38 108 112 208 231 281 290 458 523 538 699 713 819 888 946 969 
33 193 241 256 412 740 829 
100 114 296 308 309 362 368 526 569 598 658 661 682 825 
12 116 227 236 390 423 516 673 722 744 
173 278 405 453 477 526 596 630 649 789 809 883 919 
104 177 226 467 581 692 749 752 766 826 846 883 893 946 991 
116 140 145 177 578 626 651 692 829 
1 54 57 183 283 450 496 529 530 571 623 813 853 937 944 998 
27 58 354 357 480 704 752 798 862 884 
283 392 407 527 684 778 846 862 906 
25 26 100 143 194 231 460 481 524 638 919 
132 145 189 207 263 319 322 456 476 536 550 694 769 833 886 895 897 914 946 981 
54 69 93 258 362 368 381 460 522 597 617 910 
205 265 330 400 470 758 866 895 
12 166 279 384 401 581 597 663 760 912 923 
1 8 66 177 314 329 346 368 417 427 470 490 523 692 789 800 823 860 874 884 963 980 981 
27 440 494 517 647 857 883 893 937 954 964 982 
100 183 368 438 706 735 746 878 939 966 
204 242 279 334 392 489 523 703 720 764 895 926 998 
25 163 177 190 310 581 600 709 782 890 898 970 
69 172 285 464 538 871 
68 154 381 392 489 632 812 844 
296 368 829 
17 35 122 328 377 541 718 723 766 871 
25 27 52 182 217 229 276 417 650 892 
23 48 126 161 280 361 368 395 573 580 757 878 970 978 
26 104 143 280 597 618 932 
205 306 593 
54 69 75 100 205 207 285 362 368 403 461 529 561 617 687 829 896 910 950 
350 394 411 571 572 579 608 623 795 803 842 853 859 913 972 
69 186 214 279 298 766 860 933 956 
4 208 328 345 401 571 573 674 710 763 833 857 867 
58 230 332 857 
180 256 350 373 450 451 755 919 937 
71 132 214 296 298 318 368 829 849 
32 69 285 450 947 980 
125 129 308 518 571 620 623 795 853 
158 164 197 327 484 783 878 
71 192 229 272 300 401 496 509 581 631 758 
8 70 185 377 471 678 765 788 819 829 867 960 
480 688 
17 48 120 161 346 388 648 684 763 765 774 819 830 
80 175 577 597 649 716 766 854 860 910 960 
70 220 372 510 516 653 682 684 765 802 819 844 922 995 
12 227 327 449 469 722 789 795 810 867 876 
51 136 193 263 471 574 585 597 614 663 678 843 883 925 948 
5 352 401 561 736 758 914 919 964 
6 32 204 236 334 362 392 460 472 516 658 703 744 895 
283 375 385 721 731 790 885 
629 
86 145 295 309 494 509 525 541 640 683 844 964 
158 197 308 332 548 617 738 835 841 946 
21 25 78 129 163 205 242 246 548 694 730 751 766 809 844 895 960 
151 275 322 343 803 
90 145 161 170 325 368 614 622 675 692 706 736 886 902 
1 54 83 167 183 261 283 472 474 766 844 944 970 998 
390 617 624 722 798 966 
429 696 782 789 829 854 
183 224 327 368 469 722 795 810 978 
181 387 412 481 581 884 
43 51 351 477 613 620 705 766 788 814 820 913 988 
290 316 407 472 574 694 797 
70 125 242 279 281 392 489 494 690 764 
6 236 368 429 496 529 682 716 782 785 
96 145 279 390 529 530 624 675 696 762 855 
67 255 283 500 692 746 763 797 871 874 888 966 995 
75 85 185 208 279 290 458 576 684 687 888 969 991 
120 256 278 368 412 413 682 740 829 
362 684 707 722 867 943 
115 277 583 672 682 793 885 888 914 935 956 984 
67 108 217 397 474 527 692 746 797 844 927 966 
75 937 964 
192 487 638 888 935 
71 116 165 175 276 468 529 652 694 752 857 922 
72 263 270 295 394 456 529 585 769 886 937 947 981 
97 120 438 483 509 513 840 
183 278 368 413 492 548 558 569 670 682 774 978 
32 33 145 217 283 332 346 358 515 593 676 694 
7 70 120 408 449 470 623 704 900 948 
8 71 108 242 438 486 684 766 958 
71 111 112 172 285 348 387 388 499 500 511 594 614 720 912 914 
93 217 438 546 614 661 923 947 
33 39 217 283 346 515 704 825 
88 229 255 571 634 687 702 859 956 
26 292 294 707 710 755 846 
105 314 494 526 591 815 944 
279 392 440 489 764 809 
168 170 397 529 548 598 782 807 826 885 926 
35 122 494 718 723 998 
161 173 240 487 572 596 649 692 706 745 746 809 
8 69 236 321 593 682 746 785 862 895 963 
38 93 279 523 598 805 829 
17 68 275 378 400 449 571 692 758 839 866 895 
21 181 392 413 793 807 857 
27 53 58 332 354 357 373 421 480 611 651 752 829 835 890 
43 51 143 317 320 620 705 798 865 
55 57 175 215 351 368 477 522 576 688 752 766 820 838 937 952 984 
8 70 90 132 239 298 310 318 489 775 826 849 
27 39 154 484 605 722 
42 147 196 269 464 515 820 823 922 975 
41 202 287 377 474 526 597 746 788 854 899 956 
69 526 538 639 707 746 937 963 
39 143 481 550 704 792 825 841 919 989 
266 379 438 738 766 944 
28 78 239 269 427 461 521 523 576 627 705 886 937 983 
351 477 766 820 
5 41 111 116 205 208 541 561 590 606 899 
527 583 736 799 854 899 
283 392 407 527 606 630 684 774 778 846 862 906 
12 183 227 390 676 722 788 913 980 988 
8 73 186 208 265 346 357 403 432 452 653 708 886 895 
31 75 103 125 343 355 438 684 794 
226 280 722 809 
41 75 326 343 383 487 525 538 686 687 749 766 909 916 943 
17 26 40 120 170 326 466 593 763 784 862 895 
21 78 94 129 183 198 368 449 585 644 746 922 926 932 
126 167 177 185 280 578 598 645 740 774 905 914 934 944 
1 21 69 125 129 285 477 487 871 928 
368 522 591 692 742 
39 64 175 494 641 704 825 864 
234 419 797 904 
177 198 530 579 648 673 745 934 
27 58 73 162 216 236 279 354 357 438 480 598 738 752 892 
140 217 459 620 675 701 825 921 950 
43 54 55 25